[DefPen]
Style=1
Color=0
Scale=0.0100000000000000
Width=0.0100000000000000
[DefBrush]
Pattern=1
Color=16777215
Scale=0.0000000000000000
Angle=0.0000000000000000
ForeColor=16777215
BackColor=13209
[DefSymbol]
Index=2
Rotangle=0.0000000000000000
Height=0.3721896862237603
[DefFont]
Name=romanc
Angle=0.0000000000000000
Height=0.3721896862237603
Color=8388608
[DefTTFont]
Name=Arial
Angle=0.0000000000000000
Height=0.3721896862237603
Color=8388608
Bold=0
Italic=0
Underline=0
StrikeOut=0
[SelPen]
Style=1
Color=255
Scale=0.0000000000000000
Width=0.0000000000000000
[SelBrush]
Pattern=3
Color=26367
Scale=0.0000000000000000
Angle=0.0000000000000000
ForeColor=26367
BackColor=536870911
[General]
BandsBitmapChunkSize=65535
ShowText=1
ControlPointsWidth=8
ApertureWidth=8
MinDrawLimit=0
AerialMinDrawLimit=10
SelectPickingInside=1
ImagesSubDir=C:\EzGis1\Demos\data\
SplineSegs=100
EllipseSegs=50
ArcSegs=20
PointEntitySize=0
CommonSubDir=C:\Projects\kis\Components\EzGIS\data\
DirectionArrowSize=12.0000000000000000
