[frmEditDB]
Col0=117
[ADODEMO]
LastViewX1=5963.19
LastViewY1=4884.11
LastViewX2=6206.3
LastViewY2=5016.43
[PRUEBA]
LastViewX1=0
LastViewY1=19.23
LastViewX2=0
LastViewY2=19.25
[LATLONG]
LastViewX1=-103.7329689999999971
LastViewY1=19.2393919999999987
LastViewX2=-103.7296790000000044
LastViewY2=19.2412460000000003
