[DefPen]
Style=1
Color=0
Scale=0.0000000000000000
Width=0.0000000000000000
[DefBrush]
Pattern=0
Color=16777215
Scale=0.0000000000000000
Angle=0.0000000000000000
ForeColor=16777215
BackColor=0
[DefSymbol]
Index=37
Rotangle=0.0000000000000000
Height=0.1790092629034260
[DefFont]
Name=complex
Angle=0.0000000000000000
Height=0.0008366533864542
Color=13209
[DefTTFont]
Name=Arial
Angle=0.0000000000000000
Height=0.0008366533864542
Color=13209
Bold=0
Italic=0
Underline=0
StrikeOut=0
[SelPen]
Style=1
Color=255
Scale=0.0000000000000000
Width=0.0000000000000000
[SelBrush]
Pattern=1
Color=65535
Scale=0.0000000000000000
Angle=0.0000000000000000
ForeColor=65535
BackColor=0
[General]
BandsBitmapChunkSize=65535
ShowText=1
ControlPointsWidth=10
ApertureWidth=10
MinDrawLimit=0
AerialMinDrawLimit=5
SelectPickingInside=1
ImagesSubDir=C:\EzGis1\Demos\data\
SplineSegs=100
EllipseSegs=50
ArcSegs=20
PointEntitySize=0
CommonSubDir=C:\EzGis1\Demos\data\
DecimalSeparator=.
DirectionArrowSize=6.0000000000000000
