[frmEditDB]
Col0=117

[LATLONG]
LastViewX1=-103.728135
LastViewY1=19.24051
LastViewX2=-103.716851
LastViewY2=19.246867
[P-PRUEBA]
LastViewX1=-103.80578
LastViewY1=19.293566
LastViewX2=-103.745778
LastViewY2=19.327372
[Godofredo]
LastViewX1=-103.7306300000000050
LastViewY1=19.2410749999999986
LastViewX2=-103.7208530000000053
LastViewY2=19.2465839999999986
