[General]
DecimalSeparator=.
BandsBitmapChunkSize=65535
ShowText=1
ControlPointsWidth=10
ApertureWidth=10
MinDrawLimit=5
AerialMinDrawLimit=5
SelectPickingInside=1
CommonSubDir=C:\EzGis1\Demos\data\
SplineSegs=100
EllipseSegs=50
ArcSegs=20
PointEntitySize=0
DirectionArrowSize=6.0000000000000000
[DefPen]
Style=1
Color=0
Scale=0.0000000000000000
Width=0.0000000000000000
[DefBrush]
Pattern=0
Color=0
Scale=0.0000000000000000
Angle=0.0000000000000000
ForeColor=0
BackColor=0
[DefSymbol]
Index=0
Rotangle=0.0000000000000000
Height=-10.0000000000000000
[DefFont]
Name=Arial
Angle=0.0000000000000000
Height=12.0000000000000000
Color=0
[DefTTFont]
Name=Arial
Angle=0.0000000000000000
Height=1.0000000000000000
Color=0
Bold=0
Italic=0
Underline=0
StrikeOut=0
[SelPen]
Style=1
Color=255
Scale=0.0000000000000000
Width=0.0000000000000000
[SelBrush]
Pattern=3
Color=65535
Scale=0.0000000000000000
Angle=0.0000000000000000
ForeColor=65535
BackColor=536870911
